1 72728 71.13016 27.64480 0.2500 0.0526 0.2000 36.3000 1.2290 9.1800 8.5700 8.5700 1568.1200 3187.0800 3187.0800 -9999.0000 -9999.0000 -9999.0000 53.5800 125.0100 33.7600 184.0000 0.3000 2.5000 0.1890 -2.3000 4.0000 15.2400 8.8700 8.8700 0.5290 0.6090 0.6090 1086.0000 1219.0000 1219.0000 1967.3900 2588.1100 2588.1100 1.8430 0.3990 0.3380 0.3380 0.2254 0.1909 0.1909 0.0010 0.0005 889.1847 0.1000 0.1000 0.1000 1.0000 
1 72748 71.09224 28.18433 0.2500 0.0526 0.2000 36.3000 1.2290 9.1800 8.5700 8.5700 1568.1200 3187.0800 3187.0800 -9999.0000 -9999.0000 -9999.0000 53.5800 125.0100 33.7600 20.0000 0.3000 2.5000 0.1890 -2.3000 4.0000 15.2400 8.8700 8.8700 0.5290 0.6090 0.6090 1086.0000 1219.0000 1219.0000 1967.3900 2588.1100 2588.1100 1.8790 0.3990 0.3380 0.3380 0.2254 0.1909 0.1909 0.0010 0.0005 800.8982 0.1000 0.1000 0.1000 1.0000 
1 72749 71.09030 28.21125 0.2500 0.0526 0.2000 36.3000 1.2290 9.1800 8.5700 8.5700 1568.1200 3187.0800 3187.0800 -9999.0000 -9999.0000 -9999.0000 53.5800 125.0100 33.7600 0.0000 0.3000 2.5000 0.1890 -2.3000 4.0000 15.2400 8.8700 8.8700 0.5290 0.6090 0.6090 1086.0000 1219.0000 1219.0000 1967.3900 2588.1100 2588.1100 1.8807 0.3990 0.3380 0.3380 0.2254 0.1909 0.1909 0.0010 0.0005 794.0355 0.1000 0.1000 0.1000 1.0000 
1 73923 71.12141 27.63907 0.2500 0.0526 0.2000 36.3000 1.2290 9.1800 8.5700 8.5700 1568.1200 3187.0800 3187.0800 -9999.0000 -9999.0000 -9999.0000 53.5800 125.0100 33.7600 129.0000 0.3000 2.5000 0.1890 -2.3000 4.0000 15.2400 8.8700 8.8700 0.5290 0.6090 0.6090 1086.0000 1219.0000 1219.0000 1967.3900 2588.1100 2588.1100 1.8426 0.3990 0.3380 0.3380 0.2254 0.1909 0.1909 0.0010 0.0005 879.0504 0.1000 0.1000 0.1000 1.0000 
1 73924 71.11955 27.66608 0.2500 0.0526 0.2000 36.3000 1.2290 9.1800 8.5700 8.5700 1568.1200 3187.0800 3187.0800 -9999.0000 -9999.0000 -9999.0000 53.5800 125.0100 33.7600 273.0000 0.3000 2.5000 0.1890 -2.3000 4.0000 15.2400 8.8700 8.8700 0.5290 0.6090 0.6090 1086.0000 1219.0000 1219.0000 1967.3900 2588.1100 2588.1100 1.8444 0.3990 0.3380 0.3380 0.2254 0.1909 0.1909 0.0010 0.0005 914.5881 0.1000 0.1000 0.1000 1.0000 
1 73942 71.08544 28.15145 0.2500 0.0526 0.2000 36.3000 1.2290 9.1800 8.5700 8.5700 1568.1200 3187.0800 3187.0800 -9999.0000 -9999.0000 -9999.0000 53.5800 125.0100 33.7600 0.0000 0.3000 2.5000 0.1890 -2.3000 4.0000 15.2400 8.8700 8.8700 0.5290 0.6090 0.6090 1086.0000 1219.0000 1219.0000 1967.3900 2588.1100 2588.1100 1.8768 0.3990 0.3380 0.3380 0.2254 0.1909 0.1909 0.0010 0.0005 799.4232 0.1000 0.1000 0.1000 1.0000 
1 73943 71.08351 28.17837 0.2500 0.0526 0.2000 36.3000 1.2290 9.1800 8.5700 8.5700 1568.1200 3187.0800 3187.0800 -9999.0000 -9999.0000 -9999.0000 53.5800 125.0100 33.7600 39.0000 0.3000 2.5000 0.1890 -2.3000 4.0000 15.2400 8.8700 8.8700 0.5290 0.6090 0.6090 1086.0000 1219.0000 1219.0000 1967.3900 2588.1100 2588.1100 1.8786 0.3990 0.3380 0.3380 0.2254 0.1909 0.1909 0.0010 0.0005 802.4299 0.1000 0.1000 0.1000 1.0000 
1 73944 71.08157 28.20527 0.2500 0.0526 0.2000 36.3000 1.2290 9.1800 8.5700 8.5700 1568.1200 3187.0800 3187.0800 -9999.0000 -9999.0000 -9999.0000 53.5800 125.0100 33.7600 35.0000 0.3000 2.5000 0.1890 -2.3000 4.0000 15.2400 8.8700 8.8700 0.5290 0.6090 0.6090 1086.0000 1219.0000 1219.0000 1967.3900 2588.1100 2588.1100 1.8804 0.3990 0.3380 0.3380 0.2254 0.1909 0.1909 0.0010 0.0005 801.0240 0.1000 0.1000 0.1000 1.0000 
1 73945 71.07964 28.23218 0.2500 0.0526 0.2000 36.3000 1.2290 9.1800 8.5700 8.5700 1568.1200 3187.0800 3187.0800 -9999.0000 -9999.0000 -9999.0000 53.5800 125.0100 33.7600 15.0000 0.3000 2.5000 0.1890 -2.3000 4.0000 15.2400 8.8700 8.8700 0.5290 0.6090 0.6090 1086.0000 1219.0000 1219.0000 1967.3900 2588.1100 2588.1100 1.8821 0.3990 0.3380 0.3380 0.2254 0.1909 0.1909 0.0010 0.0005 794.9569 0.1000 0.1000 0.1000 1.0000 
1 75119 71.11081 27.66034 0.2500 0.0526 0.2000 36.3000 1.2290 9.1800 8.5700 8.5700 1568.1200 3187.0800 3187.0800 -9999.0000 -9999.0000 -9999.0000 53.5800 125.0100 33.7600 289.0000 0.3000 2.5000 0.1890 -2.3000 4.0000 15.2400 8.8700 8.8700 0.5290 0.6090 0.6090 1086.0000 1219.0000 1219.0000 1967.3900 2588.1100 2588.1100 1.8440 0.3990 0.3380 0.3380 0.2254 0.1909 0.1909 0.0010 0.0005 919.9924 0.1000 0.1000 0.1000 1.0000 
1 75120 71.10895 27.68734 0.2500 0.0526 0.2000 36.3000 1.2290 9.1800 8.5700 8.5700 1568.1200 3187.0800 3187.0800 -9999.0000 -9999.0000 -9999.0000 53.5800 125.0100 33.7600 288.0000 0.3000 2.5000 0.1890 -2.3000 4.0000 15.2400 8.8700 8.8700 0.5290 0.6090 0.6090 1086.0000 1219.0000 1219.0000 1967.3900 2588.1100 2588.1100 1.8458 0.3990 0.3380 0.3380 0.2254 0.1909 0.1909 0.0010 0.0005 906.7944 0.1000 0.1000 0.1000 1.0000 
1 75121 71.10708 27.71434 0.2500 0.0526 0.2000 36.3000 1.2290 9.1800 8.5700 8.5700 1568.1200 3187.0800 3187.0800 -9999.0000 -9999.0000 -9999.0000 53.5800 125.0100 33.7600 300.0000 0.3000 2.5000 0.1890 -2.3000 4.0000 15.2400 8.8700 8.8700 0.5290 0.6090 0.6090 1086.0000 1219.0000 1219.0000 1967.3900 2588.1100 2588.1100 1.8476 0.3990 0.3380 0.3380 0.2254 0.1909 0.1909 0.0010 0.0005 906.2691 0.1000 0.1000 0.1000 1.0000 
1 75137 71.07671 28.14551 0.2500 0.0526 0.2000 36.3000 1.2290 9.1800 8.5700 8.5700 1568.1200 3187.0800 3187.0800 -9999.0000 -9999.0000 -9999.0000 53.5800 125.0100 33.7600 46.0000 0.3000 2.5000 0.1890 -2.3000 4.0000 15.2400 8.8700 8.8700 0.5290 0.6090 0.6090 1086.0000 1219.0000 1219.0000 1967.3900 2588.1100 2588.1100 1.8764 0.3990 0.3380 0.3380 0.2254 0.1909 0.1909 0.0010 0.0005 814.5392 0.1000 0.1000 0.1000 1.0000 
1 75138 71.07478 28.17241 0.2500 0.0526 0.2000 36.3000 1.2290 9.1800 8.5700 8.5700 1568.1200 3187.0800 3187.0800 -9999.0000 -9999.0000 -9999.0000 53.5800 125.0100 33.7600 47.0000 0.3000 2.5000 0.1890 -2.3000 4.0000 15.2400 8.8700 8.8700 0.5290 0.6090 0.6090 1086.0000 1219.0000 1219.0000 1967.3900 2588.1100 2588.1100 1.8782 0.3990 0.3380 0.3380 0.2254 0.1909 0.1909 0.0010 0.0005 806.3897 0.1000 0.1000 0.1000 1.0000 
1 75139 71.07285 28.19930 0.2500 0.0526 0.2000 36.3000 1.2290 9.1800 8.5700 8.5700 1568.1200 3187.0800 3187.0800 -9999.0000 -9999.0000 -9999.0000 53.5800 125.0100 33.7600 36.0000 0.3000 2.5000 0.1890 -2.3000 4.0000 15.2400 8.8700 8.8700 0.5290 0.6090 0.6090 1086.0000 1219.0000 1219.0000 1967.3900 2588.1100 2588.1100 1.8800 0.3990 0.3380 0.3380 0.2254 0.1909 0.1909 0.0010 0.0005 804.0346 0.1000 0.1000 0.1000 1.0000 
1 75140 71.07091 28.22619 0.2500 0.0526 0.2000 36.3000 1.2290 9.1800 8.5700 8.5700 1568.1200 3187.0800 3187.0800 -9999.0000 -9999.0000 -9999.0000 53.5800 125.0100 33.7600 13.0000 0.3000 2.5000 0.1890 -2.3000 4.0000 15.2400 8.8700 8.8700 0.5290 0.6090 0.6090 1086.0000 1219.0000 1219.0000 1967.3900 2588.1100 2588.1100 1.8817 0.3990 0.3380 0.3380 0.2254 0.1909 0.1909 0.0010 0.0005 796.5523 0.1000 0.1000 0.1000 1.0000 
1 76314 71.10206 27.65461 0.2500 0.0526 0.2000 36.3000 1.2290 9.1800 8.5700 8.5700 1568.1200 3187.0800 3187.0800 -9999.0000 -9999.0000 -9999.0000 53.5800 125.0100 33.7600 241.0000 0.3000 2.5000 0.1890 -2.3000 4.0000 15.2400 8.8700 8.8700 0.5290 0.6090 0.6090 1086.0000 1219.0000 1219.0000 1967.3900 2588.1100 2588.1100 1.8436 0.3990 0.3380 0.3380 0.2254 0.1909 0.1909 0.0010 0.0005 907.3591 0.1000 0.1000 0.1000 1.0000 
1 76315 71.10020 27.68159 0.2500 0.0526 0.2000 36.3000 1.2290 9.1800 8.5700 8.5700 1568.1200 3187.0800 3187.0800 -9999.0000 -9999.0000 -9999.0000 53.5800 125.0100 33.7600 279.0000 0.3000 2.5000 0.1890 -2.3000 4.0000 15.2400 8.8700 8.8700 0.5290 0.6090 0.6090 1086.0000 1219.0000 1219.0000 1967.3900 2588.1100 2588.1100 1.8454 0.3990 0.3380 0.3380 0.2254 0.1909 0.1909 0.0010 0.0005 897.7927 0.1000 0.1000 0.1000 1.0000 
1 76316 71.09834 27.70858 0.2500 0.0526 0.2000 36.3000 1.2290 9.1800 8.5700 8.5700 1568.1200 3187.0800 3187.0800 -9999.0000 -9999.0000 -9999.0000 53.5800 125.0100 33.7600 161.0000 0.3000 2.5000 0.1890 -2.3000 4.0000 15.2400 8.8700 8.8700 0.5290 0.6090 0.6090 1086.0000 1219.0000 1219.0000 1967.3900 2588.1100 2588.1100 1.8472 0.3990 0.3380 0.3380 0.2254 0.1909 0.1909 0.0010 0.0005 870.6565 0.1000 0.1000 0.1000 1.0000 
1 76328 71.07566 28.03195 0.2500 0.0526 0.2000 36.3000 1.2290 9.1800 8.5700 8.5700 1568.1200 3187.0800 3187.0800 -9999.0000 -9999.0000 -9999.0000 53.5800 125.0100 33.7600 180.0000 0.3000 2.5000 0.1890 -2.3000 4.0000 15.2400 8.8700 8.8700 0.5290 0.6090 0.6090 1086.0000 1219.0000 1219.0000 1967.3900 2588.1100 2588.1100 1.8688 0.3990 0.3380 0.3380 0.2254 0.1909 0.1909 0.0010 0.0005 849.2906 0.1000 0.1000 0.1000 1.0000 
